0 0.0
1 11.71875
2 23.4375
3 35.15625
4 46.875
5 58.59375
6 70.3125
7 82.03125
8 93.75
9 105.46875
10 117.1875
11 128.90625
12 140.625
13 152.34375
14 164.0625
15 175.78125
16 187.5
17 199.21875
18 210.9375
19 222.65625
20 234.375
21 246.09375
22 257.8125
23 269.53125
24 281.25
25 292.96875
26 304.6875
27 316.40625
28 328.125
29 339.84375
30 351.5625
31 363.28125
32 375.0
33 386.71875
34 398.4375
35 410.15625
36 421.875
37 433.59375
38 445.3125
39 457.03125
40 468.75
41 480.46875
42 492.1875
43 503.90625
44 515.625
45 527.34375
46 539.0625
47 550.78125
48 562.5
49 574.21875
50 585.9375
51 597.65625
52 609.375
53 621.09375
54 632.8125
55 644.53125
56 656.25
57 667.96875
58 679.6875
59 691.40625
60 703.125
61 714.84375
62 726.5625
63 738.28125
64 750.0
65 761.71875
66 773.4375
67 785.15625
68 796.875
69 808.59375
70 820.3125
71 832.03125
72 843.75
73 855.46875
74 867.1875
75 878.90625
76 890.625
77 902.34375
78 914.0625
79 925.78125
80 937.5
81 949.21875
82 960.9375
83 972.65625
84 984.375
85 996.09375
86 1007.8125
87 1019.53125
88 1031.25
89 1042.96875
90 1054.6875
91 1066.40625
92 1078.125
93 1089.84375
94 1101.5625
95 1113.28125
96 1125.0
97 1136.71875
98 1148.4375
99 1160.15625
100 1171.875
101 1183.59375
102 1195.3125
103 1207.03125
104 1218.75
105 1230.46875
106 1242.1875
107 1253.90625
108 1265.625
109 1277.34375
110 1289.0625
111 1300.78125
112 1312.5
113 1324.21875
114 1335.9375
115 1347.65625
116 1359.375
117 1371.09375
118 1382.8125
119 1394.53125
120 1406.25
121 1417.96875
122 1429.6875
123 1441.40625
124 1453.125
125 1464.84375
126 1476.5625
127 1488.28125
128 1500.0
129 1511.71875
130 1523.4375
131 1535.15625
132 1546.875
133 1558.59375
134 1570.3125
135 1582.03125
136 1593.75
137 1605.46875
138 1617.1875
139 1628.90625
140 1640.625
141 1652.34375
142 1664.0625
143 1675.78125
144 1687.5
145 1699.21875
146 1710.9375
147 1722.65625
148 1734.375
149 1746.09375
150 1757.8125
151 1769.53125
152 1781.25
153 1792.96875
154 1804.6875
155 1816.40625
156 1828.125
157 1839.84375
158 1851.5625
159 1863.28125
160 1875.0
161 1886.71875
162 1898.4375
163 1910.15625
164 1921.875
165 1933.59375
166 1945.3125
167 1957.03125
168 1968.75
169 1980.46875
170 1992.1875
171 2003.90625
172 2015.625
173 2027.34375
174 2039.0625
175 2050.78125
176 2062.5
177 2074.21875
178 2085.9375
179 2097.65625
180 2109.375
181 2121.09375
182 2132.8125
183 2144.53125
184 2156.25
185 2167.96875
186 2179.6875
187 2191.40625
188 2203.125
189 2214.84375
190 2226.5625
191 2238.28125
192 2250.0
193 2261.71875
194 2273.4375
195 2285.15625
196 2296.875
197 2308.59375
198 2320.3125
199 2332.03125
200 2343.75
201 2355.46875
202 2367.1875
203 2378.90625
204 2390.625
205 2402.34375
206 2414.0625
207 2425.78125
208 2437.5
209 2449.21875
210 2460.9375
211 2472.65625
212 2484.375
213 2496.09375
214 2507.8125
215 2519.53125
216 2531.25
217 2542.96875
218 2554.6875
219 2566.40625
220 2578.125
221 2589.84375
222 2601.5625
223 2613.28125
224 2625.0
225 2636.71875
226 2648.4375
227 2660.15625
228 2671.875
229 2683.59375
230 2695.3125
231 2707.03125
232 2718.75
233 2730.46875
234 2742.1875
235 2753.90625
236 2765.625
237 2777.34375
238 2789.0625
239 2800.78125
240 2812.5
241 2824.21875
242 2835.9375
243 2847.65625
244 2859.375
245 2871.09375
246 2882.8125
247 2894.53125
248 2906.25
249 2917.96875
250 2929.6875
251 2941.40625
252 2953.125
253 2964.84375
254 2976.5625
255 2988.28125
256 3000.0
257 3011.71875
258 3023.4375
259 3035.15625
260 3046.875
261 3058.59375
262 3070.3125
263 3082.03125
264 3093.75
265 3105.46875
266 3117.1875
267 3128.90625
268 3140.625
269 3152.34375
270 3164.0625
271 3175.78125
272 3187.5
273 3199.21875
274 3210.9375
275 3222.65625
276 3234.375
277 3246.09375
278 3257.8125
279 3269.53125
280 3281.25
281 3292.96875
282 3304.6875
283 3316.40625
284 3328.125
285 3339.84375
286 3351.5625
287 3363.28125
288 3375.0
289 3386.71875
290 3398.4375
291 3410.15625
292 3421.875
293 3433.59375
294 3445.3125
295 3457.03125
296 3468.75
297 3480.46875
298 3492.1875
299 3503.90625
300 3515.625
301 3527.34375
302 3539.0625
303 3550.78125
304 3562.5
305 3574.21875
306 3585.9375
307 3597.65625
308 3609.375
309 3621.09375
310 3632.8125
311 3644.53125
312 3656.25
313 3667.96875
314 3679.6875
315 3691.40625
316 3703.125
317 3714.84375
318 3726.5625
319 3738.28125
320 3750.0
321 3761.71875
322 3773.4375
323 3785.15625
324 3796.875
325 3808.59375
326 3820.3125
327 3832.03125
328 3843.75
329 3855.46875
330 3867.1875
331 3878.90625
332 3890.625
333 3902.34375
334 3914.0625
335 3925.78125
336 3937.5
337 3949.21875
338 3960.9375
339 3972.65625
340 3984.375
341 3996.09375
342 4007.8125
343 4019.53125
344 4031.25
345 4042.96875
346 4054.6875
347 4066.40625
348 4078.125
349 4089.84375
350 4101.5625
351 4113.28125
352 4125.0
353 4136.71875
354 4148.4375
355 4160.15625
356 4171.875
357 4183.59375
358 4195.3125
359 4207.03125
360 4218.75
361 4230.46875
362 4242.1875
363 4253.90625
364 4265.625
365 4277.34375
366 4289.0625
367 4300.78125
368 4312.5
369 4324.21875
370 4335.9375
371 4347.65625
372 4359.375
373 4371.09375
374 4382.8125
375 4394.53125
376 4406.25
377 4417.96875
378 4429.6875
379 4441.40625
380 4453.125
381 4464.84375
382 4476.5625
383 4488.28125
384 4500.0
385 4511.71875
386 4523.4375
387 4535.15625
388 4546.875
389 4558.59375
390 4570.3125
391 4582.03125
392 4593.75
393 4605.46875
394 4617.1875
395 4628.90625
396 4640.625
397 4652.34375
398 4664.0625
399 4675.78125
400 4687.5
401 4699.21875
402 4710.9375
403 4722.65625
404 4734.375
405 4746.09375
406 4757.8125
407 4769.53125
408 4781.25
409 4792.96875
410 4804.6875
411 4816.40625
412 4828.125
413 4839.84375
414 4851.5625
415 4863.28125
416 4875.0
417 4886.71875
418 4898.4375
419 4910.15625
420 4921.875
421 4933.59375
422 4945.3125
423 4957.03125
424 4968.75
425 4980.46875
426 4992.1875
427 5003.90625
428 5015.625
429 5027.34375
430 5039.0625
431 5050.78125
432 5062.5
433 5074.21875
434 5085.9375
435 5097.65625
436 5109.375
437 5121.09375
438 5132.8125
439 5144.53125
440 5156.25
441 5167.96875
442 5179.6875
443 5191.40625
444 5203.125
445 5214.84375
446 5226.5625
447 5238.28125
448 5250.0
449 5261.71875
450 5273.4375
451 5285.15625
452 5296.875
453 5308.59375
454 5320.3125
455 5332.03125
456 5343.75
457 5355.46875
458 5367.1875
459 5378.90625
460 5390.625
461 5402.34375
462 5414.0625
463 5425.78125
464 5437.5
465 5449.21875
466 5460.9375
467 5472.65625
468 5484.375
469 5496.09375
470 5507.8125
471 5519.53125
472 5531.25
473 5542.96875
474 5554.6875
475 5566.40625
476 5578.125
477 5589.84375
478 5601.5625
479 5613.28125
480 5625.0
481 5636.71875
482 5648.4375
483 5660.15625
484 5671.875
485 5683.59375
486 5695.3125
487 5707.03125
488 5718.75
489 5730.46875
490 5742.1875
491 5753.90625
492 5765.625
493 5777.34375
494 5789.0625
495 5800.78125
496 5812.5
497 5824.21875
498 5835.9375
499 5847.65625
500 5859.375
501 5871.09375
502 5882.8125
503 5894.53125
504 5906.25
505 5917.96875
506 5929.6875
507 5941.40625
508 5953.125
509 5964.84375
510 5976.5625
511 5988.28125
512 6000.0
513 6011.71875
514 6023.4375
515 6035.15625
516 6046.875
517 6058.59375
518 6070.3125
519 6082.03125
520 6093.75
521 6105.46875
522 6117.1875
523 6128.90625
524 6140.625
525 6152.34375
526 6164.0625
527 6175.78125
528 6187.5
529 6199.21875
530 6210.9375
531 6222.65625
532 6234.375
533 6246.09375
534 6257.8125
535 6269.53125
536 6281.25
537 6292.96875
538 6304.6875
539 6316.40625
540 6328.125
541 6339.84375
542 6351.5625
543 6363.28125
544 6375.0
545 6386.71875
546 6398.4375
547 6410.15625
548 6421.875
549 6433.59375
550 6445.3125
551 6457.03125
552 6468.75
553 6480.46875
554 6492.1875
555 6503.90625
556 6515.625
557 6527.34375
558 6539.0625
559 6550.78125
560 6562.5
561 6574.21875
562 6585.9375
563 6597.65625
564 6609.375
565 6621.09375
566 6632.8125
567 6644.53125
568 6656.25
569 6667.96875
570 6679.6875
571 6691.40625
572 6703.125
573 6714.84375
574 6726.5625
575 6738.28125
576 6750.0
577 6761.71875
578 6773.4375
579 6785.15625
580 6796.875
581 6808.59375
582 6820.3125
583 6832.03125
584 6843.75
585 6855.46875
586 6867.1875
587 6878.90625
588 6890.625
589 6902.34375
590 6914.0625
591 6925.78125
592 6937.5
593 6949.21875
594 6960.9375
595 6972.65625
596 6984.375
597 6996.09375
598 7007.8125
599 7019.53125
600 7031.25
601 7042.96875
602 7054.6875
603 7066.40625
604 7078.125
605 7089.84375
606 7101.5625
607 7113.28125
608 7125.0
609 7136.71875
610 7148.4375
611 7160.15625
612 7171.875
613 7183.59375
614 7195.3125
615 7207.03125
616 7218.75
617 7230.46875
618 7242.1875
619 7253.90625
620 7265.625
621 7277.34375
622 7289.0625
623 7300.78125
624 7312.5
625 7324.21875
626 7335.9375
627 7347.65625
628 7359.375
629 7371.09375
630 7382.8125
631 7394.53125
632 7406.25
633 7417.96875
634 7429.6875
635 7441.40625
636 7453.125
637 7464.84375
638 7476.5625
639 7488.28125
640 7500.0
641 7511.71875
642 7523.4375
643 7535.15625
644 7546.875
645 7558.59375
646 7570.3125
647 7582.03125
648 7593.75
649 7605.46875
650 7617.1875
651 7628.90625
652 7640.625
653 7652.34375
654 7664.0625
655 7675.78125
656 7687.5
657 7699.21875
658 7710.9375
659 7722.65625
660 7734.375
661 7746.09375
662 7757.8125
663 7769.53125
664 7781.25
665 7792.96875
666 7804.6875
667 7816.40625
668 7828.125
669 7839.84375
670 7851.5625
671 7863.28125
672 7875.0
673 7886.71875
674 7898.4375
675 7910.15625
676 7921.875
677 7933.59375
678 7945.3125
679 7957.03125
680 7968.75
681 7980.46875
682 7992.1875
683 8003.90625
684 8015.625
685 8027.34375
686 8039.0625
687 8050.78125
688 8062.5
689 8074.21875
690 8085.9375
691 8097.65625
692 8109.375
693 8121.09375
694 8132.8125
695 8144.53125
696 8156.25
697 8167.96875
698 8179.6875
699 8191.40625
700 8203.125
701 8214.84375
702 8226.5625
703 8238.28125
704 8250.0
705 8261.71875
706 8273.4375
707 8285.15625
708 8296.875
709 8308.59375
710 8320.3125
711 8332.03125
712 8343.75
713 8355.46875
714 8367.1875
715 8378.90625
716 8390.625
717 8402.34375
718 8414.0625
719 8425.78125
720 8437.5
721 8449.21875
722 8460.9375
723 8472.65625
724 8484.375
725 8496.09375
726 8507.8125
727 8519.53125
728 8531.25
729 8542.96875
730 8554.6875
731 8566.40625
732 8578.125
733 8589.84375
734 8601.5625
735 8613.28125
736 8625.0
737 8636.71875
738 8648.4375
739 8660.15625
740 8671.875
741 8683.59375
742 8695.3125
743 8707.03125
744 8718.75
745 8730.46875
746 8742.1875
747 8753.90625
748 8765.625
749 8777.34375
750 8789.0625
751 8800.78125
752 8812.5
753 8824.21875
754 8835.9375
755 8847.65625
756 8859.375
757 8871.09375
758 8882.8125
759 8894.53125
760 8906.25
761 8917.96875
762 8929.6875
763 8941.40625
764 8953.125
765 8964.84375
766 8976.5625
767 8988.28125
768 9000.0
769 9011.71875
770 9023.4375
771 9035.15625
772 9046.875
773 9058.59375
774 9070.3125
775 9082.03125
776 9093.75
777 9105.46875
778 9117.1875
779 9128.90625
780 9140.625
781 9152.34375
782 9164.0625
783 9175.78125
784 9187.5
785 9199.21875
786 9210.9375
787 9222.65625
788 9234.375
789 9246.09375
790 9257.8125
791 9269.53125
792 9281.25
793 9292.96875
794 9304.6875
795 9316.40625
796 9328.125
797 9339.84375
798 9351.5625
799 9363.28125
800 9375.0
801 9386.71875
802 9398.4375
803 9410.15625
804 9421.875
805 9433.59375
806 9445.3125
807 9457.03125
808 9468.75
809 9480.46875
810 9492.1875
811 9503.90625
812 9515.625
813 9527.34375
814 9539.0625
815 9550.78125
816 9562.5
817 9574.21875
818 9585.9375
819 9597.65625
820 9609.375
821 9621.09375
822 9632.8125
823 9644.53125
824 9656.25
825 9667.96875
826 9679.6875
827 9691.40625
828 9703.125
829 9714.84375
830 9726.5625
831 9738.28125
832 9750.0
833 9761.71875
834 9773.4375
835 9785.15625
836 9796.875
837 9808.59375
838 9820.3125
839 9832.03125
840 9843.75
841 9855.46875
842 9867.1875
843 9878.90625
844 9890.625
845 9902.34375
846 9914.0625
847 9925.78125
848 9937.5
849 9949.21875
850 9960.9375
851 9972.65625
852 9984.375
853 9996.09375
854 10007.8125
855 10019.53125
856 10031.25
857 10042.96875
858 10054.6875
859 10066.40625
860 10078.125
861 10089.84375
862 10101.5625
863 10113.28125
864 10125.0
865 10136.71875
866 10148.4375
867 10160.15625
868 10171.875
869 10183.59375
870 10195.3125
871 10207.03125
872 10218.75
873 10230.46875
874 10242.1875
875 10253.90625
876 10265.625
877 10277.34375
878 10289.0625
879 10300.78125
880 10312.5
881 10324.21875
882 10335.9375
883 10347.65625
884 10359.375
885 10371.09375
886 10382.8125
887 10394.53125
888 10406.25
889 10417.96875
890 10429.6875
891 10441.40625
892 10453.125
893 10464.84375
894 10476.5625
895 10488.28125
896 10500.0
897 10511.71875
898 10523.4375
899 10535.15625
900 10546.875
901 10558.59375
902 10570.3125
903 10582.03125
904 10593.75
905 10605.46875
906 10617.1875
907 10628.90625
908 10640.625
909 10652.34375
910 10664.0625
911 10675.78125
912 10687.5
913 10699.21875
914 10710.9375
915 10722.65625
916 10734.375
917 10746.09375
918 10757.8125
919 10769.53125
920 10781.25
921 10792.96875
922 10804.6875
923 10816.40625
924 10828.125
925 10839.84375
926 10851.5625
927 10863.28125
928 10875.0
929 10886.71875
930 10898.4375
931 10910.15625
932 10921.875
933 10933.59375
934 10945.3125
935 10957.03125
936 10968.75
937 10980.46875
938 10992.1875
939 11003.90625
940 11015.625
941 11027.34375
942 11039.0625
943 11050.78125
944 11062.5
945 11074.21875
946 11085.9375
947 11097.65625
948 11109.375
949 11121.09375
950 11132.8125
951 11144.53125
952 11156.25
953 11167.96875
954 11179.6875
955 11191.40625
956 11203.125
957 11214.84375
958 11226.5625
959 11238.28125
960 11250.0
961 11261.71875
962 11273.4375
963 11285.15625
964 11296.875
965 11308.59375
966 11320.3125
967 11332.03125
968 11343.75
969 11355.46875
970 11367.1875
971 11378.90625
972 11390.625
973 11402.34375
974 11414.0625
975 11425.78125
976 11437.5
977 11449.21875
978 11460.9375
979 11472.65625
980 11484.375
981 11496.09375
982 11507.8125
983 11519.53125
984 11531.25
985 11542.96875
986 11554.6875
987 11566.40625
988 11578.125
989 11589.84375
990 11601.5625
991 11613.28125
992 11625.0
993 11636.71875
994 11648.4375
995 11660.15625
996 11671.875
997 11683.59375
998 11695.3125
999 11707.03125
1000 11718.75
1001 11730.46875
1002 11742.1875
1003 11753.90625
1004 11765.625
1005 11777.34375
1006 11789.0625
1007 11800.78125
1008 11812.5
1009 11824.21875
1010 11835.9375
1011 11847.65625
1012 11859.375
1013 11871.09375
1014 11882.8125
1015 11894.53125
1016 11906.25
1017 11917.96875
1018 11929.6875
1019 11941.40625
1020 11953.125
1021 11964.84375
1022 11976.5625
1023 11988.28125
1024 12000.0
1025 12011.71875
1026 12023.4375
1027 12035.15625
1028 12046.875
1029 12058.59375
1030 12070.3125
1031 12082.03125
1032 12093.75
1033 12105.46875
1034 12117.1875
1035 12128.90625
1036 12140.625
1037 12152.34375
1038 12164.0625
1039 12175.78125
1040 12187.5
1041 12199.21875
1042 12210.9375
1043 12222.65625
1044 12234.375
1045 12246.09375
1046 12257.8125
1047 12269.53125
1048 12281.25
1049 12292.96875
1050 12304.6875
1051 12316.40625
1052 12328.125
1053 12339.84375
1054 12351.5625
1055 12363.28125
1056 12375.0
1057 12386.71875
1058 12398.4375
1059 12410.15625
1060 12421.875
1061 12433.59375
1062 12445.3125
1063 12457.03125
1064 12468.75
1065 12480.46875
1066 12492.1875
1067 12503.90625
1068 12515.625
1069 12527.34375
1070 12539.0625
1071 12550.78125
1072 12562.5
1073 12574.21875
1074 12585.9375
1075 12597.65625
1076 12609.375
1077 12621.09375
1078 12632.8125
1079 12644.53125
1080 12656.25
1081 12667.96875
1082 12679.6875
1083 12691.40625
1084 12703.125
1085 12714.84375
1086 12726.5625
1087 12738.28125
1088 12750.0
1089 12761.71875
1090 12773.4375
1091 12785.15625
1092 12796.875
1093 12808.59375
1094 12820.3125
1095 12832.03125
1096 12843.75
1097 12855.46875
1098 12867.1875
1099 12878.90625
1100 12890.625
1101 12902.34375
1102 12914.0625
1103 12925.78125
1104 12937.5
1105 12949.21875
1106 12960.9375
1107 12972.65625
1108 12984.375
1109 12996.09375
1110 13007.8125
1111 13019.53125
1112 13031.25
1113 13042.96875
1114 13054.6875
1115 13066.40625
1116 13078.125
1117 13089.84375
1118 13101.5625
1119 13113.28125
1120 13125.0
1121 13136.71875
1122 13148.4375
1123 13160.15625
1124 13171.875
1125 13183.59375
1126 13195.3125
1127 13207.03125
1128 13218.75
1129 13230.46875
1130 13242.1875
1131 13253.90625
1132 13265.625
1133 13277.34375
1134 13289.0625
1135 13300.78125
1136 13312.5
1137 13324.21875
1138 13335.9375
1139 13347.65625
1140 13359.375
1141 13371.09375
1142 13382.8125
1143 13394.53125
1144 13406.25
1145 13417.96875
1146 13429.6875
1147 13441.40625
1148 13453.125
1149 13464.84375
1150 13476.5625
1151 13488.28125
1152 13500.0
1153 13511.71875
1154 13523.4375
1155 13535.15625
1156 13546.875
1157 13558.59375
1158 13570.3125
1159 13582.03125
1160 13593.75
1161 13605.46875
1162 13617.1875
1163 13628.90625
1164 13640.625
1165 13652.34375
1166 13664.0625
1167 13675.78125
1168 13687.5
1169 13699.21875
1170 13710.9375
1171 13722.65625
1172 13734.375
1173 13746.09375
1174 13757.8125
1175 13769.53125
1176 13781.25
1177 13792.96875
1178 13804.6875
1179 13816.40625
1180 13828.125
1181 13839.84375
1182 13851.5625
1183 13863.28125
1184 13875.0
1185 13886.71875
1186 13898.4375
1187 13910.15625
1188 13921.875
1189 13933.59375
1190 13945.3125
1191 13957.03125
1192 13968.75
1193 13980.46875
1194 13992.1875
1195 14003.90625
1196 14015.625
1197 14027.34375
1198 14039.0625
1199 14050.78125
1200 14062.5
1201 14074.21875
1202 14085.9375
1203 14097.65625
1204 14109.375
1205 14121.09375
1206 14132.8125
1207 14144.53125
1208 14156.25
1209 14167.96875
1210 14179.6875
1211 14191.40625
1212 14203.125
1213 14214.84375
1214 14226.5625
1215 14238.28125
1216 14250.0
1217 14261.71875
1218 14273.4375
1219 14285.15625
1220 14296.875
1221 14308.59375
1222 14320.3125
1223 14332.03125
1224 14343.75
1225 14355.46875
1226 14367.1875
1227 14378.90625
1228 14390.625
1229 14402.34375
1230 14414.0625
1231 14425.78125
1232 14437.5
1233 14449.21875
1234 14460.9375
1235 14472.65625
1236 14484.375
1237 14496.09375
1238 14507.8125
1239 14519.53125
1240 14531.25
1241 14542.96875
1242 14554.6875
1243 14566.40625
1244 14578.125
1245 14589.84375
1246 14601.5625
1247 14613.28125
1248 14625.0
1249 14636.71875
1250 14648.4375
1251 14660.15625
1252 14671.875
1253 14683.59375
1254 14695.3125
1255 14707.03125
1256 14718.75
1257 14730.46875
1258 14742.1875
1259 14753.90625
1260 14765.625
1261 14777.34375
1262 14789.0625
1263 14800.78125
1264 14812.5
1265 14824.21875
1266 14835.9375
1267 14847.65625
1268 14859.375
1269 14871.09375
1270 14882.8125
1271 14894.53125
1272 14906.25
1273 14917.96875
1274 14929.6875
1275 14941.40625
1276 14953.125
1277 14964.84375
1278 14976.5625
1279 14988.28125
1280 15000.0
1281 15011.71875
1282 15023.4375
1283 15035.15625
1284 15046.875
1285 15058.59375
1286 15070.3125
1287 15082.03125
1288 15093.75
1289 15105.46875
1290 15117.1875
1291 15128.90625
1292 15140.625
1293 15152.34375
1294 15164.0625
1295 15175.78125
1296 15187.5
1297 15199.21875
1298 15210.9375
1299 15222.65625
1300 15234.375
1301 15246.09375
1302 15257.8125
1303 15269.53125
1304 15281.25
1305 15292.96875
1306 15304.6875
1307 15316.40625
1308 15328.125
1309 15339.84375
1310 15351.5625
1311 15363.28125
1312 15375.0
1313 15386.71875
1314 15398.4375
1315 15410.15625
1316 15421.875
1317 15433.59375
1318 15445.3125
1319 15457.03125
1320 15468.75
1321 15480.46875
1322 15492.1875
1323 15503.90625
1324 15515.625
1325 15527.34375
1326 15539.0625
1327 15550.78125
1328 15562.5
1329 15574.21875
1330 15585.9375
1331 15597.65625
1332 15609.375
1333 15621.09375
1334 15632.8125
1335 15644.53125
1336 15656.25
1337 15667.96875
1338 15679.6875
1339 15691.40625
1340 15703.125
1341 15714.84375
1342 15726.5625
1343 15738.28125
1344 15750.0
1345 15761.71875
1346 15773.4375
1347 15785.15625
1348 15796.875
1349 15808.59375
1350 15820.3125
1351 15832.03125
1352 15843.75
1353 15855.46875
1354 15867.1875
1355 15878.90625
1356 15890.625
1357 15902.34375
1358 15914.0625
1359 15925.78125
1360 15937.5
1361 15949.21875
1362 15960.9375
1363 15972.65625
1364 15984.375
1365 15996.09375
1366 16007.8125
1367 16019.53125
1368 16031.25
1369 16042.96875
1370 16054.6875
1371 16066.40625
1372 16078.125
1373 16089.84375
1374 16101.5625
1375 16113.28125
1376 16125.0
1377 16136.71875
1378 16148.4375
1379 16160.15625
1380 16171.875
1381 16183.59375
1382 16195.3125
1383 16207.03125
1384 16218.75
1385 16230.46875
1386 16242.1875
1387 16253.90625
1388 16265.625
1389 16277.34375
1390 16289.0625
1391 16300.78125
1392 16312.5
1393 16324.21875
1394 16335.9375
1395 16347.65625
1396 16359.375
1397 16371.09375
1398 16382.8125
1399 16394.53125
1400 16406.25
1401 16417.96875
1402 16429.6875
1403 16441.40625
1404 16453.125
1405 16464.84375
1406 16476.5625
1407 16488.28125
1408 16500.0
1409 16511.71875
1410 16523.4375
1411 16535.15625
1412 16546.875
1413 16558.59375
1414 16570.3125
1415 16582.03125
1416 16593.75
1417 16605.46875
1418 16617.1875
1419 16628.90625
1420 16640.625
1421 16652.34375
1422 16664.0625
1423 16675.78125
1424 16687.5
1425 16699.21875
1426 16710.9375
1427 16722.65625
1428 16734.375
1429 16746.09375
1430 16757.8125
1431 16769.53125
1432 16781.25
1433 16792.96875
1434 16804.6875
1435 16816.40625
1436 16828.125
1437 16839.84375
1438 16851.5625
1439 16863.28125
1440 16875.0
1441 16886.71875
1442 16898.4375
1443 16910.15625
1444 16921.875
1445 16933.59375
1446 16945.3125
1447 16957.03125
1448 16968.75
1449 16980.46875
1450 16992.1875
1451 17003.90625
1452 17015.625
1453 17027.34375
1454 17039.0625
1455 17050.78125
1456 17062.5
1457 17074.21875
1458 17085.9375
1459 17097.65625
1460 17109.375
1461 17121.09375
1462 17132.8125
1463 17144.53125
1464 17156.25
1465 17167.96875
1466 17179.6875
1467 17191.40625
1468 17203.125
1469 17214.84375
1470 17226.5625
1471 17238.28125
1472 17250.0
1473 17261.71875
1474 17273.4375
1475 17285.15625
1476 17296.875
1477 17308.59375
1478 17320.3125
1479 17332.03125
1480 17343.75
1481 17355.46875
1482 17367.1875
1483 17378.90625
1484 17390.625
1485 17402.34375
1486 17414.0625
1487 17425.78125
1488 17437.5
1489 17449.21875
1490 17460.9375
1491 17472.65625
1492 17484.375
1493 17496.09375
1494 17507.8125
1495 17519.53125
1496 17531.25
1497 17542.96875
1498 17554.6875
1499 17566.40625
1500 17578.125
1501 17589.84375
1502 17601.5625
1503 17613.28125
1504 17625.0
1505 17636.71875
1506 17648.4375
1507 17660.15625
1508 17671.875
1509 17683.59375
1510 17695.3125
1511 17707.03125
1512 17718.75
1513 17730.46875
1514 17742.1875
1515 17753.90625
1516 17765.625
1517 17777.34375
1518 17789.0625
1519 17800.78125
1520 17812.5
1521 17824.21875
1522 17835.9375
1523 17847.65625
1524 17859.375
1525 17871.09375
1526 17882.8125
1527 17894.53125
1528 17906.25
1529 17917.96875
1530 17929.6875
1531 17941.40625
1532 17953.125
1533 17964.84375
1534 17976.5625
1535 17988.28125
1536 18000.0
1537 18011.71875
1538 18023.4375
1539 18035.15625
1540 18046.875
1541 18058.59375
1542 18070.3125
1543 18082.03125
1544 18093.75
1545 18105.46875
1546 18117.1875
1547 18128.90625
1548 18140.625
1549 18152.34375
1550 18164.0625
1551 18175.78125
1552 18187.5
1553 18199.21875
1554 18210.9375
1555 18222.65625
1556 18234.375
1557 18246.09375
1558 18257.8125
1559 18269.53125
1560 18281.25
1561 18292.96875
1562 18304.6875
1563 18316.40625
1564 18328.125
1565 18339.84375
1566 18351.5625
1567 18363.28125
1568 18375.0
1569 18386.71875
1570 18398.4375
1571 18410.15625
1572 18421.875
1573 18433.59375
1574 18445.3125
1575 18457.03125
1576 18468.75
1577 18480.46875
1578 18492.1875
1579 18503.90625
1580 18515.625
1581 18527.34375
1582 18539.0625
1583 18550.78125
1584 18562.5
1585 18574.21875
1586 18585.9375
1587 18597.65625
1588 18609.375
1589 18621.09375
1590 18632.8125
1591 18644.53125
1592 18656.25
1593 18667.96875
1594 18679.6875
1595 18691.40625
1596 18703.125
1597 18714.84375
1598 18726.5625
1599 18738.28125
1600 18750.0
1601 18761.71875
1602 18773.4375
1603 18785.15625
1604 18796.875
1605 18808.59375
1606 18820.3125
1607 18832.03125
1608 18843.75
1609 18855.46875
1610 18867.1875
1611 18878.90625
1612 18890.625
1613 18902.34375
1614 18914.0625
1615 18925.78125
1616 18937.5
1617 18949.21875
1618 18960.9375
1619 18972.65625
1620 18984.375
1621 18996.09375
1622 19007.8125
1623 19019.53125
1624 19031.25
1625 19042.96875
1626 19054.6875
1627 19066.40625
1628 19078.125
1629 19089.84375
1630 19101.5625
1631 19113.28125
1632 19125.0
1633 19136.71875
1634 19148.4375
1635 19160.15625
1636 19171.875
1637 19183.59375
1638 19195.3125
1639 19207.03125
1640 19218.75
1641 19230.46875
1642 19242.1875
1643 19253.90625
1644 19265.625
1645 19277.34375
1646 19289.0625
1647 19300.78125
1648 19312.5
1649 19324.21875
1650 19335.9375
1651 19347.65625
1652 19359.375
1653 19371.09375
1654 19382.8125
1655 19394.53125
1656 19406.25
1657 19417.96875
1658 19429.6875
1659 19441.40625
1660 19453.125
1661 19464.84375
1662 19476.5625
1663 19488.28125
1664 19500.0
1665 19511.71875
1666 19523.4375
1667 19535.15625
1668 19546.875
1669 19558.59375
1670 19570.3125
1671 19582.03125
1672 19593.75
1673 19605.46875
1674 19617.1875
1675 19628.90625
1676 19640.625
1677 19652.34375
1678 19664.0625
1679 19675.78125
1680 19687.5
1681 19699.21875
1682 19710.9375
1683 19722.65625
1684 19734.375
1685 19746.09375
1686 19757.8125
1687 19769.53125
1688 19781.25
1689 19792.96875
1690 19804.6875
1691 19816.40625
1692 19828.125
1693 19839.84375
1694 19851.5625
1695 19863.28125
1696 19875.0
1697 19886.71875
1698 19898.4375
1699 19910.15625
1700 19921.875
1701 19933.59375
1702 19945.3125
1703 19957.03125
1704 19968.75
1705 19980.46875
1706 19992.1875
1707 20003.90625
1708 20015.625
1709 20027.34375
1710 20039.0625
1711 20050.78125
1712 20062.5
1713 20074.21875
1714 20085.9375
1715 20097.65625
1716 20109.375
1717 20121.09375
1718 20132.8125
1719 20144.53125
1720 20156.25
1721 20167.96875
1722 20179.6875
1723 20191.40625
1724 20203.125
1725 20214.84375
1726 20226.5625
1727 20238.28125
1728 20250.0
1729 20261.71875
1730 20273.4375
1731 20285.15625
1732 20296.875
1733 20308.59375
1734 20320.3125
1735 20332.03125
1736 20343.75
1737 20355.46875
1738 20367.1875
1739 20378.90625
1740 20390.625
1741 20402.34375
1742 20414.0625
1743 20425.78125
1744 20437.5
1745 20449.21875
1746 20460.9375
1747 20472.65625
1748 20484.375
1749 20496.09375
1750 20507.8125
1751 20519.53125
1752 20531.25
1753 20542.96875
1754 20554.6875
1755 20566.40625
1756 20578.125
1757 20589.84375
1758 20601.5625
1759 20613.28125
1760 20625.0
1761 20636.71875
1762 20648.4375
1763 20660.15625
1764 20671.875
1765 20683.59375
1766 20695.3125
1767 20707.03125
1768 20718.75
1769 20730.46875
1770 20742.1875
1771 20753.90625
1772 20765.625
1773 20777.34375
1774 20789.0625
1775 20800.78125
1776 20812.5
1777 20824.21875
1778 20835.9375
1779 20847.65625
1780 20859.375
1781 20871.09375
1782 20882.8125
1783 20894.53125
1784 20906.25
1785 20917.96875
1786 20929.6875
1787 20941.40625
1788 20953.125
1789 20964.84375
1790 20976.5625
1791 20988.28125
1792 21000.0
1793 21011.71875
1794 21023.4375
1795 21035.15625
1796 21046.875
1797 21058.59375
1798 21070.3125
1799 21082.03125
1800 21093.75
1801 21105.46875
1802 21117.1875
1803 21128.90625
1804 21140.625
1805 21152.34375
1806 21164.0625
1807 21175.78125
1808 21187.5
1809 21199.21875
1810 21210.9375
1811 21222.65625
1812 21234.375
1813 21246.09375
1814 21257.8125
1815 21269.53125
1816 21281.25
1817 21292.96875
1818 21304.6875
1819 21316.40625
1820 21328.125
1821 21339.84375
1822 21351.5625
1823 21363.28125
1824 21375.0
1825 21386.71875
1826 21398.4375
1827 21410.15625
1828 21421.875
1829 21433.59375
1830 21445.3125
1831 21457.03125
1832 21468.75
1833 21480.46875
1834 21492.1875
1835 21503.90625
1836 21515.625
1837 21527.34375
1838 21539.0625
1839 21550.78125
1840 21562.5
1841 21574.21875
1842 21585.9375
1843 21597.65625
1844 21609.375
1845 21621.09375
1846 21632.8125
1847 21644.53125
1848 21656.25
1849 21667.96875
1850 21679.6875
1851 21691.40625
1852 21703.125
1853 21714.84375
1854 21726.5625
1855 21738.28125
1856 21750.0
1857 21761.71875
1858 21773.4375
1859 21785.15625
1860 21796.875
1861 21808.59375
1862 21820.3125
1863 21832.03125
1864 21843.75
1865 21855.46875
1866 21867.1875
1867 21878.90625
1868 21890.625
1869 21902.34375
1870 21914.0625
1871 21925.78125
1872 21937.5
1873 21949.21875
1874 21960.9375
1875 21972.65625
1876 21984.375
1877 21996.09375
1878 22007.8125
1879 22019.53125
1880 22031.25
1881 22042.96875
1882 22054.6875
1883 22066.40625
1884 22078.125
1885 22089.84375
1886 22101.5625
1887 22113.28125
1888 22125.0
1889 22136.71875
1890 22148.4375
1891 22160.15625
1892 22171.875
1893 22183.59375
1894 22195.3125
1895 22207.03125
1896 22218.75
1897 22230.46875
1898 22242.1875
1899 22253.90625
1900 22265.625
1901 22277.34375
1902 22289.0625
1903 22300.78125
1904 22312.5
1905 22324.21875
1906 22335.9375
1907 22347.65625
1908 22359.375
1909 22371.09375
1910 22382.8125
1911 22394.53125
1912 22406.25
1913 22417.96875
1914 22429.6875
1915 22441.40625
1916 22453.125
1917 22464.84375
1918 22476.5625
1919 22488.28125
1920 22500.0
1921 22511.71875
1922 22523.4375
1923 22535.15625
1924 22546.875
1925 22558.59375
1926 22570.3125
1927 22582.03125
1928 22593.75
1929 22605.46875
1930 22617.1875
1931 22628.90625
1932 22640.625
1933 22652.34375
1934 22664.0625
1935 22675.78125
1936 22687.5
1937 22699.21875
1938 22710.9375
1939 22722.65625
1940 22734.375
1941 22746.09375
1942 22757.8125
1943 22769.53125
1944 22781.25
1945 22792.96875
1946 22804.6875
1947 22816.40625
1948 22828.125
1949 22839.84375
1950 22851.5625
1951 22863.28125
1952 22875.0
1953 22886.71875
1954 22898.4375
1955 22910.15625
1956 22921.875
1957 22933.59375
1958 22945.3125
1959 22957.03125
1960 22968.75
1961 22980.46875
1962 22992.1875
1963 23003.90625
1964 23015.625
1965 23027.34375
1966 23039.0625
1967 23050.78125
1968 23062.5
1969 23074.21875
1970 23085.9375
1971 23097.65625
1972 23109.375
1973 23121.09375
1974 23132.8125
1975 23144.53125
1976 23156.25
1977 23167.96875
1978 23179.6875
1979 23191.40625
1980 23203.125
1981 23214.84375
1982 23226.5625
1983 23238.28125
1984 23250.0
1985 23261.71875
1986 23273.4375
1987 23285.15625
1988 23296.875
1989 23308.59375
1990 23320.3125
1991 23332.03125
1992 23343.75
1993 23355.46875
1994 23367.1875
1995 23378.90625
1996 23390.625
1997 23402.34375
1998 23414.0625
1999 23425.78125
2000 23437.5
2001 23449.21875
2002 23460.9375
2003 23472.65625
2004 23484.375
2005 23496.09375
2006 23507.8125
2007 23519.53125
2008 23531.25
2009 23542.96875
2010 23554.6875
2011 23566.40625
2012 23578.125
2013 23589.84375
2014 23601.5625
2015 23613.28125
2016 23625.0
2017 23636.71875
2018 23648.4375
2019 23660.15625
2020 23671.875
2021 23683.59375
2022 23695.3125
2023 23707.03125
2024 23718.75
2025 23730.46875
2026 23742.1875
2027 23753.90625
2028 23765.625
2029 23777.34375
2030 23789.0625
2031 23800.78125
2032 23812.5
2033 23824.21875
2034 23835.9375
2035 23847.65625
2036 23859.375
2037 23871.09375
2038 23882.8125
2039 23894.53125
2040 23906.25
2041 23917.96875
2042 23929.6875
2043 23941.40625
2044 23953.125
2045 23964.84375
2046 23976.5625
2047 23988.28125
2048 24000.0
